SO THU TU: 1
Angles 1 - 6, Velocity 1 - 6, Acc 1 - 6, Moment 1 - 6, Gravity 1 - 6, Coriolis 1 - 6
-1.5708,0.785398,1.5708,3.92475,4.09842e-17,-0.0380992,
-1.5708,0.785398,1.5708,7.85151,0.802721,0.0222864,
-1.5708,0.785398,1.5708,1.74045,-0.241279,-0.00281025,
1.0472,0.785398,1.5708,-0.00640275,-7.387e-19,-0.00133147,
1.0472,0.785398,1.5708,0.0285012,0.0249415,2.67539e-05,
1.0472,0.785398,1.5708,0.000221185,0,6.4105e-05,
Inertia Matrix
1.56307,0.83103,0.139706,-0.0110904,0.000133352,0,
0.83103,2.88841,0.754795,-0.00194119,0.000892241,0,
0.139706,0.754795,0.369296,-0.0010085,0.000581345,0,
-0.0110904,-0.00194119,-0.0010085,0.0107916,0,0,
0.000133352,0.000892241,0.000581345,0,0.00064216,0,
0,0,0,0,0,0,



SO THU TU: 2
Angles 1 - 6, Velocity 1 - 6, Acc 1 - 6, Moment 1 - 6, Gravity 1 - 6, Coriolis 1 - 6
-1.5708,0.785398,1.5708,4.57662,-1.46648e-15,0.493055,
-1.5708,0.785398,1.5708,12.8862,7.18623,-0.767896,
-0.785398,0.785398,1.5708,7.95583,6.14223,0.0551688,
1.0472,0.785398,1.5708,-0.00701947,-0.0152735,0.00844051,
1.0472,0.785398,1.5708,0.0238502,0.0227275,0.000621888,
1.0472,0.785398,1.5708,0.000245831,0,6.03113e-05,
Inertia Matrix
1.71495,0.792625,0.101301,-0.00825382,0,0,
0.792625,2.67732,0.649252,-0.00166801,0,0,
0.101301,0.649252,0.369296,-0.0010085,0.000581345,0,
-0.00825382,-0.00166801,-0.0010085,0.0107916,0,0,
0,0,0.000581345,0,0.00064216,0,
0,0,0,0,0,0,



SO THU TU: 3
Angles 1 - 6, Velocity 1 - 6, Acc 1 - 6, Moment 1 - 6, Gravity 1 - 6, Coriolis 1 - 6
-1.5708,0.785398,1.5708,4.22511,-4.45614e-16,0.165111,
-1.5708,0.785398,1.5708,14.0452,9.9717,-0.970924,
0,0.785398,1.5708,10.3292,8.9277,0.219949,
1.0472,0.785398,1.5708,0.00424134,-0.0216,0.0129414,
1.0472,0.785398,1.5708,0.00792887,0.0072,0.00189281,
1.0472,0.785398,1.5708,0.000249408,0,3.37053e-05,
Inertia Matrix
1.88827,0.694879,0.00355529,0,-0.00146886,0,
0.694879,2.13825,0.379715,-0.0010085,0,0,
0.00355529,0.379715,0.369296,-0.0010085,0.000581345,0,
0,-0.0010085,-0.0010085,0.0107916,0,0,
-0.00146886,0,0.000581345,0,0.00064216,0,
0,0,0,0,0,0,



SO THU TU: 4
Angles 1 - 6, Velocity 1 - 6, Acc 1 - 6, Moment 1 - 6, Gravity 1 - 6, Coriolis 1 - 6
-1.5708,0.785398,1.5708,3.22144,2.32353e-16,-0.299491,
-1.5708,0.785398,1.5708,10.5169,7.52745,-0.600362,
0.785398,0.785398,1.5708,7.33768,6.48345,0.262509,
1.0472,0.785398,1.5708,0.0212515,-0.0152735,0.0100029,
1.0472,0.785398,1.5708,-0.010583,-0.0125452,0.00244827,
1.0472,0.785398,1.5708,0.000229821,0,-1.27468e-07,
Inertia Matrix
1.73639,0.595051,-0.0962733,0.00743039,-0.00113294,0,
0.595051,1.58697,0.104075,0,0,0,
-0.0962733,0.104075,0.369296,-0.0010085,0.000581345,0,
0.00743039,0,-0.0010085,0.0107916,0,0,
-0.00113294,0,0.000581345,0,0.00064216,0,
0,0,0,0,0,0,



SO THU TU: 5
Angles 1 - 6, Velocity 1 - 6, Acc 1 - 6, Moment 1 - 6, Gravity 1 - 6, Coriolis 1 - 6
-1.5708,0.785398,1.5708,3.09416,1.64979e-17,-0.0253763,
-1.5708,0.785398,1.5708,4.21713,1.28528,-0.0244766,
1.5708,0.785398,1.5708,0.582566,0.241279,0.00672092,
1.0472,0.785398,1.5708,0.0344582,-7.63614e-19,0.00175784,
1.0472,0.785398,1.5708,-0.0204659,-0.0249415,0.00233836,
1.0472,0.785398,1.5708,0.000198543,0,-2.13683e-05,
Inertia Matrix
1.56307,0.551618,-0.139706,0.0110904,0,0,
0.551618,1.34641,-0.0162016,0,0.000270449,0,
-0.139706,-0.0162016,0.369296,-0.0010085,0.000581345,0,
0.0110904,0,-0.0010085,0.0107916,0,0,
0,0.000270449,0.000581345,0,0.00064216,0,
0,0,0,0,0,0,



SO THU TU: 6
Angles 1 - 6, Velocity 1 - 6, Acc 1 - 6, Moment 1 - 6, Gravity 1 - 6, Coriolis 1 - 6
-0.785398,0.785398,1.5708,3.92475,4.09842e-17,-0.0380992,
-1.5708,0.785398,1.5708,7.85151,0.802721,0.0222864,
-1.5708,0.785398,1.5708,1.74045,-0.241279,-0.00281025,
1.0472,0.785398,1.5708,-0.00640275,-7.387e-19,-0.00133147,
1.0472,0.785398,1.5708,0.0285012,0.0249415,2.67539e-05,
1.0472,0.785398,1.5708,0.000221185,0,6.4105e-05,
Inertia Matrix
1.56307,0.83103,0.139706,-0.0110904,0.000133352,0,
0.83103,2.88841,0.754795,-0.00194119,0.000892241,0,
0.139706,0.754795,0.369296,-0.0010085,0.000581345,0,
-0.0110904,-0.00194119,-0.0010085,0.0107916,0,0,
0.000133352,0.000892241,0.000581345,0,0.00064216,0,
0,0,0,0,0,0,



SO THU TU: 7
Angles 1 - 6, Velocity 1 - 6, Acc 1 - 6, Moment 1 - 6, Gravity 1 - 6, Coriolis 1 - 6
-0.785398,0.785398,1.5708,4.57662,-1.46648e-15,0.493055,
-1.5708,0.785398,1.5708,12.8862,7.18623,-0.767896,
-0.785398,0.785398,1.5708,7.95583,6.14223,0.0551688,
1.0472,0.785398,1.5708,-0.00701947,-0.0152735,0.00844051,
1.0472,0.785398,1.5708,0.0238502,0.0227275,0.000621888,
1.0472,0.785398,1.5708,0.000245831,0,6.03113e-05,
Inertia Matrix
1.71495,0.792625,0.101301,-0.00825382,0,0,
0.792625,2.67732,0.649252,-0.00166801,0,0,
0.101301,0.649252,0.369296,-0.0010085,0.000581345,0,
-0.00825382,-0.00166801,-0.0010085,0.0107916,0,0,
0,0,0.000581345,0,0.00064216,0,
0,0,0,0,0,0,



SO THU TU: 8
Angles 1 - 6, Velocity 1 - 6, Acc 1 - 6, Moment 1 - 6, Gravity 1 - 6, Coriolis 1 - 6
-0.785398,0.785398,1.5708,4.22511,-4.45614e-16,0.165111,
-1.5708,0.785398,1.5708,14.0452,9.9717,-0.970924,
0,0.785398,1.5708,10.3292,8.9277,0.219949,
1.0472,0.785398,1.5708,0.00424134,-0.0216,0.0129414,
1.0472,0.785398,1.5708,0.00792887,0.0072,0.00189281,
1.0472,0.785398,1.5708,0.000249408,0,3.37053e-05,
Inertia Matrix
1.88827,0.694879,0.00355529,0,-0.00146886,0,
0.694879,2.13825,0.379715,-0.0010085,0,0,
0.00355529,0.379715,0.369296,-0.0010085,0.000581345,0,
0,-0.0010085,-0.0010085,0.0107916,0,0,
-0.00146886,0,0.000581345,0,0.00064216,0,
0,0,0,0,0,0,



SO THU TU: 9
Angles 1 - 6, Velocity 1 - 6, Acc 1 - 6, Moment 1 - 6, Gravity 1 - 6, Coriolis 1 - 6
-0.785398,0.785398,1.5708,3.22144,2.32353e-16,-0.299491,
-1.5708,0.785398,1.5708,10.5169,7.52745,-0.600362,
0.785398,0.785398,1.5708,7.33768,6.48345,0.262509,
1.0472,0.785398,1.5708,0.0212515,-0.0152735,0.0100029,
1.0472,0.785398,1.5708,-0.010583,-0.0125452,0.00244827,
1.0472,0.785398,1.5708,0.000229821,0,-1.27468e-07,
Inertia Matrix
1.73639,0.595051,-0.0962733,0.00743039,-0.00113294,0,
0.595051,1.58697,0.104075,0,0,0,
-0.0962733,0.104075,0.369296,-0.0010085,0.000581345,0,
0.00743039,0,-0.0010085,0.0107916,0,0,
-0.00113294,0,0.000581345,0,0.00064216,0,
0,0,0,0,0,0,



SO THU TU: 10
Angles 1 - 6, Velocity 1 - 6, Acc 1 - 6, Moment 1 - 6, Gravity 1 - 6, Coriolis 1 - 6
-0.785398,0.785398,1.5708,3.09416,1.64979e-17,-0.0253763,
-1.5708,0.785398,1.5708,4.21713,1.28528,-0.0244766,
1.5708,0.785398,1.5708,0.582566,0.241279,0.00672092,
1.0472,0.785398,1.5708,0.0344582,-7.63614e-19,0.00175784,
1.0472,0.785398,1.5708,-0.0204659,-0.0249415,0.00233836,
1.0472,0.785398,1.5708,0.000198543,0,-2.13683e-05,
Inertia Matrix
1.56307,0.551618,-0.139706,0.0110904,0,0,
0.551618,1.34641,-0.0162016,0,0.000270449,0,
-0.139706,-0.0162016,0.369296,-0.0010085,0.000581345,0,
0.0110904,0,-0.0010085,0.0107916,0,0,
0,0.000270449,0.000581345,0,0.00064216,0,
0,0,0,0,0,0,



SO THU TU: 11
Angles 1 - 6, Velocity 1 - 6, Acc 1 - 6, Moment 1 - 6, Gravity 1 - 6, Coriolis 1 - 6
0,0.785398,1.5708,3.92475,4.09842e-17,-0.0380992,
-1.5708,0.785398,1.5708,7.85151,0.802721,0.0222864,
-1.5708,0.785398,1.5708,1.74045,-0.241279,-0.00281025,
1.0472,0.785398,1.5708,-0.00640275,-7.387e-19,-0.00133147,
1.0472,0.785398,1.5708,0.0285012,0.0249415,2.67539e-05,
1.0472,0.785398,1.5708,0.000221185,0,6.4105e-05,
Inertia Matrix
1.56307,0.83103,0.139706,-0.0110904,0.000133352,0,
0.83103,2.88841,0.754795,-0.00194119,0.000892241,0,
0.139706,0.754795,0.369296,-0.0010085,0.000581345,0,
-0.0110904,-0.00194119,-0.0010085,0.0107916,0,0,
0.000133352,0.000892241,0.000581345,0,0.00064216,0,
0,0,0,0,0,0,



SO THU TU: 12
Angles 1 - 6, Velocity 1 - 6, Acc 1 - 6, Moment 1 - 6, Gravity 1 - 6, Coriolis 1 - 6
0,0.785398,1.5708,4.57662,-1.46648e-15,0.493055,
-1.5708,0.785398,1.5708,12.8862,7.18623,-0.767896,
-0.785398,0.785398,1.5708,7.95583,6.14223,0.0551688,
1.0472,0.785398,1.5708,-0.00701947,-0.0152735,0.00844051,
1.0472,0.785398,1.5708,0.0238502,0.0227275,0.000621888,
1.0472,0.785398,1.5708,0.000245831,0,6.03113e-05,
Inertia Matrix
1.71495,0.792625,0.101301,-0.00825382,0,0,
0.792625,2.67732,0.649252,-0.00166801,0,0,
0.101301,0.649252,0.369296,-0.0010085,0.000581345,0,
-0.00825382,-0.00166801,-0.0010085,0.0107916,0,0,
0,0,0.000581345,0,0.00064216,0,
0,0,0,0,0,0,



SO THU TU: 13
Angles 1 - 6, Velocity 1 - 6, Acc 1 - 6, Moment 1 - 6, Gravity 1 - 6, Coriolis 1 - 6
0,0.785398,1.5708,4.22511,-4.45614e-16,0.165111,
-1.5708,0.785398,1.5708,14.0452,9.9717,-0.970924,
0,0.785398,1.5708,10.3292,8.9277,0.219949,
1.0472,0.785398,1.5708,0.00424134,-0.0216,0.0129414,
1.0472,0.785398,1.5708,0.00792887,0.0072,0.00189281,
1.0472,0.785398,1.5708,0.000249408,0,3.37053e-05,
Inertia Matrix
1.88827,0.694879,0.00355529,0,-0.00146886,0,
0.694879,2.13825,0.379715,-0.0010085,0,0,
0.00355529,0.379715,0.369296,-0.0010085,0.000581345,0,
0,-0.0010085,-0.0010085,0.0107916,0,0,
-0.00146886,0,0.000581345,0,0.00064216,0,
0,0,0,0,0,0,



SO THU TU: 14
Angles 1 - 6, Velocity 1 - 6, Acc 1 - 6, Moment 1 - 6, Gravity 1 - 6, Coriolis 1 - 6
0,0.785398,1.5708,3.22144,2.32353e-16,-0.299491,
-1.5708,0.785398,1.5708,10.5169,7.52745,-0.600362,
0.785398,0.785398,1.5708,7.33768,6.48345,0.262509,
1.0472,0.785398,1.5708,0.0212515,-0.0152735,0.0100029,
1.0472,0.785398,1.5708,-0.010583,-0.0125452,0.00244827,
1.0472,0.785398,1.5708,0.000229821,0,-1.27468e-07,
Inertia Matrix
1.73639,0.595051,-0.0962733,0.00743039,-0.00113294,0,
0.595051,1.58697,0.104075,0,0,0,
-0.0962733,0.104075,0.369296,-0.0010085,0.000581345,0,
0.00743039,0,-0.0010085,0.0107916,0,0,
-0.00113294,0,0.000581345,0,0.00064216,0,
0,0,0,0,0,0,



SO THU TU: 15
Angles 1 - 6, Velocity 1 - 6, Acc 1 - 6, Moment 1 - 6, Gravity 1 - 6, Coriolis 1 - 6
0,0.785398,1.5708,3.09416,1.64979e-17,-0.0253763,
-1.5708,0.785398,1.5708,4.21713,1.28528,-0.0244766,
1.5708,0.785398,1.5708,0.582566,0.241279,0.00672092,
1.0472,0.785398,1.5708,0.0344582,-7.63614e-19,0.00175784,
1.0472,0.785398,1.5708,-0.0204659,-0.0249415,0.00233836,
1.0472,0.785398,1.5708,0.000198543,0,-2.13683e-05,
Inertia Matrix
1.56307,0.551618,-0.139706,0.0110904,0,0,
0.551618,1.34641,-0.0162016,0,0.000270449,0,
-0.139706,-0.0162016,0.369296,-0.0010085,0.000581345,0,
0.0110904,0,-0.0010085,0.0107916,0,0,
0,0.000270449,0.000581345,0,0.00064216,0,
0,0,0,0,0,0,



SO THU TU: 16
Angles 1 - 6, Velocity 1 - 6, Acc 1 - 6, Moment 1 - 6, Gravity 1 - 6, Coriolis 1 - 6
0.785398,0.785398,1.5708,3.92475,4.09842e-17,-0.0380992,
-1.5708,0.785398,1.5708,7.85151,0.802721,0.0222864,
-1.5708,0.785398,1.5708,1.74045,-0.241279,-0.00281025,
1.0472,0.785398,1.5708,-0.00640275,-7.387e-19,-0.00133147,
1.0472,0.785398,1.5708,0.0285012,0.0249415,2.67539e-05,
1.0472,0.785398,1.5708,0.000221185,0,6.4105e-05,
Inertia Matrix
1.56307,0.83103,0.139706,-0.0110904,0.000133352,0,
0.83103,2.88841,0.754795,-0.00194119,0.000892241,0,
0.139706,0.754795,0.369296,-0.0010085,0.000581345,0,
-0.0110904,-0.00194119,-0.0010085,0.0107916,0,0,
0.000133352,0.000892241,0.000581345,0,0.00064216,0,
0,0,0,0,0,0,



SO THU TU: 17
Angles 1 - 6, Velocity 1 - 6, Acc 1 - 6, Moment 1 - 6, Gravity 1 - 6, Coriolis 1 - 6
0.785398,0.785398,1.5708,4.57662,-1.46648e-15,0.493055,
-1.5708,0.785398,1.5708,12.8862,7.18623,-0.767896,
-0.785398,0.785398,1.5708,7.95583,6.14223,0.0551688,
1.0472,0.785398,1.5708,-0.00701947,-0.0152735,0.00844051,
1.0472,0.785398,1.5708,0.0238502,0.0227275,0.000621888,
1.0472,0.785398,1.5708,0.000245831,0,6.03113e-05,
Inertia Matrix
1.71495,0.792625,0.101301,-0.00825382,0,0,
0.792625,2.67732,0.649252,-0.00166801,0,0,
0.101301,0.649252,0.369296,-0.0010085,0.000581345,0,
-0.00825382,-0.00166801,-0.0010085,0.0107916,0,0,
0,0,0.000581345,0,0.00064216,0,
0,0,0,0,0,0,



SO THU TU: 18
Angles 1 - 6, Velocity 1 - 6, Acc 1 - 6, Moment 1 - 6, Gravity 1 - 6, Coriolis 1 - 6
0.785398,0.785398,1.5708,4.22511,-4.45614e-16,0.165111,
-1.5708,0.785398,1.5708,14.0452,9.9717,-0.970924,
0,0.785398,1.5708,10.3292,8.9277,0.219949,
1.0472,0.785398,1.5708,0.00424134,-0.0216,0.0129414,
1.0472,0.785398,1.5708,0.00792887,0.0072,0.00189281,
1.0472,0.785398,1.5708,0.000249408,0,3.37053e-05,
Inertia Matrix
1.88827,0.694879,0.00355529,0,-0.00146886,0,
0.694879,2.13825,0.379715,-0.0010085,0,0,
0.00355529,0.379715,0.369296,-0.0010085,0.000581345,0,
0,-0.0010085,-0.0010085,0.0107916,0,0,
-0.00146886,0,0.000581345,0,0.00064216,0,
0,0,0,0,0,0,



SO THU TU: 19
Angles 1 - 6, Velocity 1 - 6, Acc 1 - 6, Moment 1 - 6, Gravity 1 - 6, Coriolis 1 - 6
0.785398,0.785398,1.5708,3.22144,2.32353e-16,-0.299491,
-1.5708,0.785398,1.5708,10.5169,7.52745,-0.600362,
0.785398,0.785398,1.5708,7.33768,6.48345,0.262509,
1.0472,0.785398,1.5708,0.0212515,-0.0152735,0.0100029,
1.0472,0.785398,1.5708,-0.010583,-0.0125452,0.00244827,
1.0472,0.785398,1.5708,0.000229821,0,-1.27468e-07,
Inertia Matrix
1.73639,0.595051,-0.0962733,0.00743039,-0.00113294,0,
0.595051,1.58697,0.104075,0,0,0,
-0.0962733,0.104075,0.369296,-0.0010085,0.000581345,0,
0.00743039,0,-0.0010085,0.0107916,0,0,
-0.00113294,0,0.000581345,0,0.00064216,0,
0,0,0,0,0,0,



SO THU TU: 20
Angles 1 - 6, Velocity 1 - 6, Acc 1 - 6, Moment 1 - 6, Gravity 1 - 6, Coriolis 1 - 6
0.785398,0.785398,1.5708,3.09416,1.64979e-17,-0.0253763,
-1.5708,0.785398,1.5708,4.21713,1.28528,-0.0244766,
1.5708,0.785398,1.5708,0.582566,0.241279,0.00672092,
1.0472,0.785398,1.5708,0.0344582,-7.63614e-19,0.00175784,
1.0472,0.785398,1.5708,-0.0204659,-0.0249415,0.00233836,
1.0472,0.785398,1.5708,0.000198543,0,-2.13683e-05,
Inertia Matrix
1.56307,0.551618,-0.139706,0.0110904,0,0,
0.551618,1.34641,-0.0162016,0,0.000270449,0,
-0.139706,-0.0162016,0.369296,-0.0010085,0.000581345,0,
0.0110904,0,-0.0010085,0.0107916,0,0,
0,0.000270449,0.000581345,0,0.00064216,0,
0,0,0,0,0,0,



SO THU TU: 21
Angles 1 - 6, Velocity 1 - 6, Acc 1 - 6, Moment 1 - 6, Gravity 1 - 6, Coriolis 1 - 6
1.5708,0.785398,1.5708,3.92475,4.09842e-17,-0.0380992,
-1.5708,0.785398,1.5708,7.85151,0.802721,0.0222864,
-1.5708,0.785398,1.5708,1.74045,-0.241279,-0.00281025,
1.0472,0.785398,1.5708,-0.00640275,-7.387e-19,-0.00133147,
1.0472,0.785398,1.5708,0.0285012,0.0249415,2.67539e-05,
1.0472,0.785398,1.5708,0.000221185,0,6.4105e-05,
Inertia Matrix
1.56307,0.83103,0.139706,-0.0110904,0.000133352,0,
0.83103,2.88841,0.754795,-0.00194119,0.000892241,0,
0.139706,0.754795,0.369296,-0.0010085,0.000581345,0,
-0.0110904,-0.00194119,-0.0010085,0.0107916,0,0,
0.000133352,0.000892241,0.000581345,0,0.00064216,0,
0,0,0,0,0,0,



SO THU TU: 22
Angles 1 - 6, Velocity 1 - 6, Acc 1 - 6, Moment 1 - 6, Gravity 1 - 6, Coriolis 1 - 6
1.5708,0.785398,1.5708,4.57662,-1.46648e-15,0.493055,
-1.5708,0.785398,1.5708,12.8862,7.18623,-0.767896,
-0.785398,0.785398,1.5708,7.95583,6.14223,0.0551688,
1.0472,0.785398,1.5708,-0.00701947,-0.0152735,0.00844051,
1.0472,0.785398,1.5708,0.0238502,0.0227275,0.000621888,
1.0472,0.785398,1.5708,0.000245831,0,6.03113e-05,
Inertia Matrix
1.71495,0.792625,0.101301,-0.00825382,0,0,
0.792625,2.67732,0.649252,-0.00166801,0,0,
0.101301,0.649252,0.369296,-0.0010085,0.000581345,0,
-0.00825382,-0.00166801,-0.0010085,0.0107916,0,0,
0,0,0.000581345,0,0.00064216,0,
0,0,0,0,0,0,



SO THU TU: 23
Angles 1 - 6, Velocity 1 - 6, Acc 1 - 6, Moment 1 - 6, Gravity 1 - 6, Coriolis 1 - 6
1.5708,0.785398,1.5708,4.22511,-4.45614e-16,0.165111,
-1.5708,0.785398,1.5708,14.0452,9.9717,-0.970924,
0,0.785398,1.5708,10.3292,8.9277,0.219949,
1.0472,0.785398,1.5708,0.00424134,-0.0216,0.0129414,
1.0472,0.785398,1.5708,0.00792887,0.0072,0.00189281,
1.0472,0.785398,1.5708,0.000249408,0,3.37053e-05,
Inertia Matrix
1.88827,0.694879,0.00355529,0,-0.00146886,0,
0.694879,2.13825,0.379715,-0.0010085,0,0,
0.00355529,0.379715,0.369296,-0.0010085,0.000581345,0,
0,-0.0010085,-0.0010085,0.0107916,0,0,
-0.00146886,0,0.000581345,0,0.00064216,0,
0,0,0,0,0,0,



SO THU TU: 24
Angles 1 - 6, Velocity 1 - 6, Acc 1 - 6, Moment 1 - 6, Gravity 1 - 6, Coriolis 1 - 6
1.5708,0.785398,1.5708,3.22144,2.32353e-16,-0.299491,
-1.5708,0.785398,1.5708,10.5169,7.52745,-0.600362,
0.785398,0.785398,1.5708,7.33768,6.48345,0.262509,
1.0472,0.785398,1.5708,0.0212515,-0.0152735,0.0100029,
1.0472,0.785398,1.5708,-0.010583,-0.0125452,0.00244827,
1.0472,0.785398,1.5708,0.000229821,0,-1.27468e-07,
Inertia Matrix
1.73639,0.595051,-0.0962733,0.00743039,-0.00113294,0,
0.595051,1.58697,0.104075,0,0,0,
-0.0962733,0.104075,0.369296,-0.0010085,0.000581345,0,
0.00743039,0,-0.0010085,0.0107916,0,0,
-0.00113294,0,0.000581345,0,0.00064216,0,
0,0,0,0,0,0,



SO THU TU: 25
Angles 1 - 6, Velocity 1 - 6, Acc 1 - 6, Moment 1 - 6, Gravity 1 - 6, Coriolis 1 - 6
1.5708,0.785398,1.5708,3.09416,1.64979e-17,-0.0253763,
-1.5708,0.785398,1.5708,4.21713,1.28528,-0.0244766,
1.5708,0.785398,1.5708,0.582566,0.241279,0.00672092,
1.0472,0.785398,1.5708,0.0344582,-7.63614e-19,0.00175784,
1.0472,0.785398,1.5708,-0.0204659,-0.0249415,0.00233836,
1.0472,0.785398,1.5708,0.000198543,0,-2.13683e-05,
Inertia Matrix
1.56307,0.551618,-0.139706,0.0110904,0,0,
0.551618,1.34641,-0.0162016,0,0.000270449,0,
-0.139706,-0.0162016,0.369296,-0.0010085,0.000581345,0,
0.0110904,0,-0.0010085,0.0107916,0,0,
0,0.000270449,0.000581345,0,0.00064216,0,
0,0,0,0,0,0,



SO THU TU: 26
Angles 1 - 6, Velocity 1 - 6, Acc 1 - 6, Moment 1 - 6, Gravity 1 - 6, Coriolis 1 - 6
-1.5708,0.785398,1.5708,7.16361,9.54201e-16,1.56726,
-0.785398,0.785398,1.5708,39.517,33.7193,-0.824049,
-1.5708,0.785398,1.5708,7.82947,6.14223,-0.23697,
1.0472,0.785398,1.5708,-0.00715762,-0.0152735,0.00932957,
1.0472,0.785398,1.5708,0.0250811,0.0227275,0.00111172,
1.0472,0.785398,1.5708,0.000245831,0,6.03113e-05,
Inertia Matrix
2.89806,0.573347,0.101301,-0.00863459,-0.00132512,0,
0.573347,2.88841,0.754795,-0.00194119,0.000892241,0,
0.101301,0.754795,0.369296,-0.0010085,0.000581345,0,
-0.00863459,-0.00194119,-0.0010085,0.0107916,0,0,
-0.00132512,0.000892241,0.000581345,0,0.00064216,0,
0,0,0,0,0,0,



SO THU TU: 27
Angles 1 - 6, Velocity 1 - 6, Acc 1 - 6, Moment 1 - 6, Gravity 1 - 6, Coriolis 1 - 6
-1.5708,0.785398,1.5708,6.56566,1.0951e-15,0.725695,
-0.785398,0.785398,1.5708,41.2983,36.5048,-1.17646,
-0.785398,0.785398,1.5708,10.6738,8.9277,0.141212,
1.0472,0.785398,1.5708,0.00297037,-0.0216,0.0133045,
1.0472,0.785398,1.5708,0.00924948,0.0072,0.00297073,
1.0472,0.785398,1.5708,0.000249408,0,3.37053e-05,
Inertia Matrix
3.24148,0.475601,0.00355529,0,-0.00184963,0,
0.475601,2.67732,0.649252,-0.00166801,0,0,
0.00355529,0.649252,0.369296,-0.0010085,0.000581345,0,
0,-0.00166801,-0.0010085,0.0107916,0,0,
-0.00184963,0,0.000581345,0,0.00064216,0,
0,0,0,0,0,0,



SO THU TU: 28
Angles 1 - 6, Velocity 1 - 6, Acc 1 - 6, Moment 1 - 6, Gravity 1 - 6, Coriolis 1 - 6
-1.5708,0.785398,1.5708,4.88542,1.18697e-15,-0.181025,
-0.785398,0.785398,1.5708,37.4817,34.0605,-1.12196,
0,0.785398,1.5708,7.95144,6.48345,0.443297,
1.0472,0.785398,1.5708,0.0193559,-0.0152735,0.00974129,
1.0472,0.785398,1.5708,-0.0101827,-0.0125452,0.00359683,
1.0472,0.785398,1.5708,0.000229821,0,-1.27468e-07,
Inertia Matrix
2.94034,0.375772,-0.0962733,0.00704962,-0.0015137,0,
0.375772,2.13825,0.379715,-0.0010085,0,0,
-0.0962733,0.379715,0.369296,-0.0010085,0.000581345,0,
0.00704962,-0.0010085,-0.0010085,0.0107916,0,0,
-0.0015137,0,0.000581345,0,0.00064216,0,
0,0,0,0,0,0,



SO THU TU: 29
Angles 1 - 6, Velocity 1 - 6, Acc 1 - 6, Moment 1 - 6, Gravity 1 - 6, Coriolis 1 - 6
-1.5708,0.785398,1.5708,4.04775,9.34808e-16,-0.0185404,
-0.785398,0.785398,1.5708,30.1519,27.8184,-0.843658,
0.785398,0.785398,1.5708,1.10591,0.241279,0.341131,
1.0472,0.785398,1.5708,0.032812,-7.63614e-19,0.00113878,
1.0472,0.785398,1.5708,-0.0214569,-0.0249415,0.00299873,
1.0472,0.785398,1.5708,0.000198543,0,-2.13683e-05,
Inertia Matrix
2.38583,0.332339,-0.139706,0.0107096,0,0,
0.332339,1.58697,0.104075,0,0,0,
-0.139706,0.104075,0.369296,-0.0010085,0.000581345,0,
0.0107096,0,-0.0010085,0.0107916,0,0,
0,0,0.000581345,0,0.00064216,0,
0,0,0,0,0,0,



SO THU TU: 30
Angles 1 - 6, Velocity 1 - 6, Acc 1 - 6, Moment 1 - 6, Gravity 1 - 6, Coriolis 1 - 6
-1.5708,0.785398,1.5708,4.39804,6.85053e-16,0.587633,
-0.785398,0.785398,1.5708,23.735,21.4349,-0.372096,
1.5708,0.785398,1.5708,-5.72028,-6.14223,0.0270547,
1.0472,0.785398,1.5708,0.034988,0.0152735,-0.00793211,
1.0472,0.785398,1.5708,-0.017322,-0.0227275,0.00217354,
1.0472,0.785398,1.5708,0.000173897,0,-1.75746e-05,
Inertia Matrix
2.1479,0.370744,-0.101301,0.00787306,0.00056358,0,
0.370744,1.34641,-0.0162016,0,0.000270449,0,
-0.101301,-0.0162016,0.369296,-0.0010085,0.000581345,0,
0.00787306,0,-0.0010085,0.0107916,0,0,
0.00056358,0.000270449,0.000581345,0,0.00064216,0,
0,0,0,0,0,0,



SO THU TU: 31
Angles 1 - 6, Velocity 1 - 6, Acc 1 - 6, Moment 1 - 6, Gravity 1 - 6, Coriolis 1 - 6
-0.785398,0.785398,1.5708,7.16361,9.54201e-16,1.56726,
-0.785398,0.785398,1.5708,39.517,33.7193,-0.824049,
-1.5708,0.785398,1.5708,7.82947,6.14223,-0.23697,
1.0472,0.785398,1.5708,-0.00715762,-0.0152735,0.00932957,
1.0472,0.785398,1.5708,0.0250811,0.0227275,0.00111172,
1.0472,0.785398,1.5708,0.000245831,0,6.03113e-05,
Inertia Matrix
2.89806,0.573347,0.101301,-0.00863459,-0.00132512,0,
0.573347,2.88841,0.754795,-0.00194119,0.000892241,0,
0.101301,0.754795,0.369296,-0.0010085,0.000581345,0,
-0.00863459,-0.00194119,-0.0010085,0.0107916,0,0,
-0.00132512,0.000892241,0.000581345,0,0.00064216,0,
0,0,0,0,0,0,



SO THU TU: 32
Angles 1 - 6, Velocity 1 - 6, Acc 1 - 6, Moment 1 - 6, Gravity 1 - 6, Coriolis 1 - 6
-0.785398,0.785398,1.5708,6.56566,1.0951e-15,0.725695,
-0.785398,0.785398,1.5708,41.2983,36.5048,-1.17646,
-0.785398,0.785398,1.5708,10.6738,8.9277,0.141212,
1.0472,0.785398,1.5708,0.00297037,-0.0216,0.0133045,
1.0472,0.785398,1.5708,0.00924948,0.0072,0.00297073,
1.0472,0.785398,1.5708,0.000249408,0,3.37053e-05,
Inertia Matrix
3.24148,0.475601,0.00355529,0,-0.00184963,0,
0.475601,2.67732,0.649252,-0.00166801,0,0,
0.00355529,0.649252,0.369296,-0.0010085,0.000581345,0,
0,-0.00166801,-0.0010085,0.0107916,0,0,
-0.00184963,0,0.000581345,0,0.00064216,0,
0,0,0,0,0,0,



SO THU TU: 33
Angles 1 - 6, Velocity 1 - 6, Acc 1 - 6, Moment 1 - 6, Gravity 1 - 6, Coriolis 1 - 6
-0.785398,0.785398,1.5708,4.88542,1.18697e-15,-0.181025,
-0.785398,0.785398,1.5708,37.4817,34.0605,-1.12196,
0,0.785398,1.5708,7.95144,6.48345,0.443297,
1.0472,0.785398,1.5708,0.0193559,-0.0152735,0.00974129,
1.0472,0.785398,1.5708,-0.0101827,-0.0125452,0.00359683,
1.0472,0.785398,1.5708,0.000229821,0,-1.27468e-07,
Inertia Matrix
2.94034,0.375772,-0.0962733,0.00704962,-0.0015137,0,
0.375772,2.13825,0.379715,-0.0010085,0,0,
-0.0962733,0.379715,0.369296,-0.0010085,0.000581345,0,
0.00704962,-0.0010085,-0.0010085,0.0107916,0,0,
-0.0015137,0,0.000581345,0,0.00064216,0,
0,0,0,0,0,0,



SO THU TU: 34
Angles 1 - 6, Velocity 1 - 6, Acc 1 - 6, Moment 1 - 6, Gravity 1 - 6, Coriolis 1 - 6
-0.785398,0.785398,1.5708,4.04775,9.34808e-16,-0.0185404,
-0.785398,0.785398,1.5708,30.1519,27.8184,-0.843658,
0.785398,0.785398,1.5708,1.10591,0.241279,0.341131,
1.0472,0.785398,1.5708,0.032812,-7.63614e-19,0.00113878,
1.0472,0.785398,1.5708,-0.0214569,-0.0249415,0.00299873,
1.0472,0.785398,1.5708,0.000198543,0,-2.13683e-05,
Inertia Matrix
2.38583,0.332339,-0.139706,0.0107096,0,0,
0.332339,1.58697,0.104075,0,0,0,
-0.139706,0.104075,0.369296,-0.0010085,0.000581345,0,
0.0107096,0,-0.0010085,0.0107916,0,0,
0,0,0.000581345,0,0.00064216,0,
0,0,0,0,0,0,



SO THU TU: 35
Angles 1 - 6, Velocity 1 - 6, Acc 1 - 6, Moment 1 - 6, Gravity 1 - 6, Coriolis 1 - 6
-0.785398,0.785398,1.5708,4.39804,6.85053e-16,0.587633,
-0.785398,0.785398,1.5708,23.735,21.4349,-0.372096,
1.5708,0.785398,1.5708,-5.72028,-6.14223,0.0270547,
1.0472,0.785398,1.5708,0.034988,0.0152735,-0.00793211,
1.0472,0.785398,1.5708,-0.017322,-0.0227275,0.00217354,
1.0472,0.785398,1.5708,0.000173897,0,-1.75746e-05,
Inertia Matrix
2.1479,0.370744,-0.101301,0.00787306,0.00056358,0,
0.370744,1.34641,-0.0162016,0,0.000270449,0,
-0.101301,-0.0162016,0.369296,-0.0010085,0.000581345,0,
0.00787306,0,-0.0010085,0.0107916,0,0,
0.00056358,0.000270449,0.000581345,0,0.00064216,0,
0,0,0,0,0,0,



SO THU TU: 36
Angles 1 - 6, Velocity 1 - 6, Acc 1 - 6, Moment 1 - 6, Gravity 1 - 6, Coriolis 1 - 6
0,0.785398,1.5708,7.16361,9.54201e-16,1.56726,
-0.785398,0.785398,1.5708,39.517,33.7193,-0.824049,
-1.5708,0.785398,1.5708,7.82947,6.14223,-0.23697,
1.0472,0.785398,1.5708,-0.00715762,-0.0152735,0.00932957,
1.0472,0.785398,1.5708,0.0250811,0.0227275,0.00111172,
1.0472,0.785398,1.5708,0.000245831,0,6.03113e-05,
Inertia Matrix
2.89806,0.573347,0.101301,-0.00863459,-0.00132512,0,
0.573347,2.88841,0.754795,-0.00194119,0.000892241,0,
0.101301,0.754795,0.369296,-0.0010085,0.000581345,0,
-0.00863459,-0.00194119,-0.0010085,0.0107916,0,0,
-0.00132512,0.000892241,0.000581345,0,0.00064216,0,
0,0,0,0,0,0,



SO THU TU: 37
Angles 1 - 6, Velocity 1 - 6, Acc 1 - 6, Moment 1 - 6, Gravity 1 - 6, Coriolis 1 - 6
0,0.785398,1.5708,6.56566,1.0951e-15,0.725695,
-0.785398,0.785398,1.5708,41.2983,36.5048,-1.17646,
-0.785398,0.785398,1.5708,10.6738,8.9277,0.141212,
1.0472,0.785398,1.5708,0.00297037,-0.0216,0.0133045,
1.0472,0.785398,1.5708,0.00924948,0.0072,0.00297073,
1.0472,0.785398,1.5708,0.000249408,0,3.37053e-05,
Inertia Matrix
3.24148,0.475601,0.00355529,0,-0.00184963,0,
0.475601,2.67732,0.649252,-0.00166801,0,0,
0.00355529,0.649252,0.369296,-0.0010085,0.000581345,0,
0,-0.00166801,-0.0010085,0.0107916,0,0,
-0.00184963,0,0.000581345,0,0.00064216,0,
0,0,0,0,0,0,



SO THU TU: 38
Angles 1 - 6, Velocity 1 - 6, Acc 1 - 6, Moment 1 - 6, Gravity 1 - 6, Coriolis 1 - 6
0,0.785398,1.5708,4.88542,1.18697e-15,-0.181025,
-0.785398,0.785398,1.5708,37.4817,34.0605,-1.12196,
0,0.785398,1.5708,7.95144,6.48345,0.443297,
1.0472,0.785398,1.5708,0.0193559,-0.0152735,0.00974129,
1.0472,0.785398,1.5708,-0.0101827,-0.0125452,0.00359683,
1.0472,0.785398,1.5708,0.000229821,0,-1.27468e-07,
Inertia Matrix
2.94034,0.375772,-0.0962733,0.00704962,-0.0015137,0,
0.375772,2.13825,0.379715,-0.0010085,0,0,
-0.0962733,0.379715,0.369296,-0.0010085,0.000581345,0,
0.00704962,-0.0010085,-0.0010085,0.0107916,0,0,
-0.0015137,0,0.000581345,0,0.00064216,0,
0,0,0,0,0,0,



SO THU TU: 39
Angles 1 - 6, Velocity 1 - 6, Acc 1 - 6, Moment 1 - 6, Gravity 1 - 6, Coriolis 1 - 6
0,0.785398,1.5708,4.04775,9.34808e-16,-0.0185404,
-0.785398,0.785398,1.5708,30.1519,27.8184,-0.843658,
0.785398,0.785398,1.5708,1.10591,0.241279,0.341131,
1.0472,0.785398,1.5708,0.032812,-7.63614e-19,0.00113878,
1.0472,0.785398,1.5708,-0.0214569,-0.0249415,0.00299873,
1.0472,0.785398,1.5708,0.000198543,0,-2.13683e-05,
Inertia Matrix
2.38583,0.332339,-0.139706,0.0107096,0,0,
0.332339,1.58697,0.104075,0,0,0,
-0.139706,0.104075,0.369296,-0.0010085,0.000581345,0,
0.0107096,0,-0.0010085,0.0107916,0,0,
0,0,0.000581345,0,0.00064216,0,
0,0,0,0,0,0,



SO THU TU: 40
Angles 1 - 6, Velocity 1 - 6, Acc 1 - 6, Moment 1 - 6, Gravity 1 - 6, Coriolis 1 - 6
0,0.785398,1.5708,4.39804,6.85053e-16,0.587633,
-0.785398,0.785398,1.5708,23.735,21.4349,-0.372096,
1.5708,0.785398,1.5708,-5.72028,-6.14223,0.0270547,
1.0472,0.785398,1.5708,0.034988,0.0152735,-0.00793211,
1.0472,0.785398,1.5708,-0.017322,-0.0227275,0.00217354,
1.0472,0.785398,1.5708,0.000173897,0,-1.75746e-05,
Inertia Matrix
2.1479,0.370744,-0.101301,0.00787306,0.00056358,0,
0.370744,1.34641,-0.0162016,0,0.000270449,0,
-0.101301,-0.0162016,0.369296,-0.0010085,0.000581345,0,
0.00787306,0,-0.0010085,0.0107916,0,0,
0.00056358,0.000270449,0.000581345,0,0.00064216,0,
0,0,0,0,0,0,



SO THU TU: 41
Angles 1 - 6, Velocity 1 - 6, Acc 1 - 6, Moment 1 - 6, Gravity 1 - 6, Coriolis 1 - 6
0.785398,0.785398,1.5708,7.16361,9.54201e-16,1.56726,
-0.785398,0.785398,1.5708,39.517,33.7193,-0.824049,
-1.5708,0.785398,1.5708,7.82947,6.14223,-0.23697,
1.0472,0.785398,1.5708,-0.00715762,-0.0152735,0.00932957,
1.0472,0.785398,1.5708,0.0250811,0.0227275,0.00111172,
1.0472,0.785398,1.5708,0.000245831,0,6.03113e-05,
Inertia Matrix
2.89806,0.573347,0.101301,-0.00863459,-0.00132512,0,
0.573347,2.88841,0.754795,-0.00194119,0.000892241,0,
0.101301,0.754795,0.369296,-0.0010085,0.000581345,0,
-0.00863459,-0.00194119,-0.0010085,0.0107916,0,0,
-0.00132512,0.000892241,0.000581345,0,0.00064216,0,
0,0,0,0,0,0,



SO THU TU: 42
Angles 1 - 6, Velocity 1 - 6, Acc 1 - 6, Moment 1 - 6, Gravity 1 - 6, Coriolis 1 - 6
0.785398,0.785398,1.5708,6.56566,1.0951e-15,0.725695,
-0.785398,0.785398,1.5708,41.2983,36.5048,-1.17646,
-0.785398,0.785398,1.5708,10.6738,8.9277,0.141212,
1.0472,0.785398,1.5708,0.00297037,-0.0216,0.0133045,
1.0472,0.785398,1.5708,0.00924948,0.0072,0.00297073,
1.0472,0.785398,1.5708,0.000249408,0,3.37053e-05,
Inertia Matrix
3.24148,0.475601,0.00355529,0,-0.00184963,0,
0.475601,2.67732,0.649252,-0.00166801,0,0,
0.00355529,0.649252,0.369296,-0.0010085,0.000581345,0,
0,-0.00166801,-0.0010085,0.0107916,0,0,
-0.00184963,0,0.000581345,0,0.00064216,0,
0,0,0,0,0,0,



SO THU TU: 43
Angles 1 - 6, Velocity 1 - 6, Acc 1 - 6, Moment 1 - 6, Gravity 1 - 6, Coriolis 1 - 6
0.785398,0.785398,1.5708,4.88542,1.18697e-15,-0.181025,
-0.785398,0.785398,1.5708,37.4817,34.0605,-1.12196,
0,0.785398,1.5708,7.95144,6.48345,0.443297,
1.0472,0.785398,1.5708,0.0193559,-0.0152735,0.00974129,
1.0472,0.785398,1.5708,-0.0101827,-0.0125452,0.00359683,
1.0472,0.785398,1.5708,0.000229821,0,-1.27468e-07,
Inertia Matrix
2.94034,0.375772,-0.0962733,0.00704962,-0.0015137,0,
0.375772,2.13825,0.379715,-0.0010085,0,0,
-0.0962733,0.379715,0.369296,-0.0010085,0.000581345,0,
0.00704962,-0.0010085,-0.0010085,0.0107916,0,0,
-0.0015137,0,0.000581345,0,0.00064216,0,
0,0,0,0,0,0,



SO THU TU: 44
Angles 1 - 6, Velocity 1 - 6, Acc 1 - 6, Moment 1 - 6, Gravity 1 - 6, Coriolis 1 - 6
0.785398,0.785398,1.5708,4.04775,9.34808e-16,-0.0185404,
-0.785398,0.785398,1.5708,30.1519,27.8184,-0.843658,
0.785398,0.785398,1.5708,1.10591,0.241279,0.341131,
1.0472,0.785398,1.5708,0.032812,-7.63614e-19,0.00113878,
1.0472,0.785398,1.5708,-0.0214569,-0.0249415,0.00299873,
1.0472,0.785398,1.5708,0.000198543,0,-2.13683e-05,
Inertia Matrix
2.38583,0.332339,-0.139706,0.0107096,0,0,
0.332339,1.58697,0.104075,0,0,0,
-0.139706,0.104075,0.369296,-0.0010085,0.000581345,0,
0.0107096,0,-0.0010085,0.0107916,0,0,
0,0,0.000581345,0,0.00064216,0,
0,0,0,0,0,0,



SO THU TU: 45
Angles 1 - 6, Velocity 1 - 6, Acc 1 - 6, Moment 1 - 6, Gravity 1 - 6, Coriolis 1 - 6
0.785398,0.785398,1.5708,4.39804,6.85053e-16,0.587633,
-0.785398,0.785398,1.5708,23.735,21.4349,-0.372096,
1.5708,0.785398,1.5708,-5.72028,-6.14223,0.0270547,
1.0472,0.785398,1.5708,0.034988,0.0152735,-0.00793211,
1.0472,0.785398,1.5708,-0.017322,-0.0227275,0.00217354,
1.0472,0.785398,1.5708,0.000173897,0,-1.75746e-05,
Inertia Matrix
2.1479,0.370744,-0.101301,0.00787306,0.00056358,0,
0.370744,1.34641,-0.0162016,0,0.000270449,0,
-0.101301,-0.0162016,0.369296,-0.0010085,0.000581345,0,
0.00787306,0,-0.0010085,0.0107916,0,0,
0.00056358,0.000270449,0.000581345,0,0.00064216,0,
0,0,0,0,0,0,



SO THU TU: 46
Angles 1 - 6, Velocity 1 - 6, Acc 1 - 6, Moment 1 - 6, Gravity 1 - 6, Coriolis 1 - 6
1.5708,0.785398,1.5708,7.16361,9.54201e-16,1.56726,
-0.785398,0.785398,1.5708,39.517,33.7193,-0.824049,
-1.5708,0.785398,1.5708,7.82947,6.14223,-0.23697,
1.0472,0.785398,1.5708,-0.00715762,-0.0152735,0.00932957,
1.0472,0.785398,1.5708,0.0250811,0.0227275,0.00111172,
1.0472,0.785398,1.5708,0.000245831,0,6.03113e-05,
Inertia Matrix
2.89806,0.573347,0.101301,-0.00863459,-0.00132512,0,
0.573347,2.88841,0.754795,-0.00194119,0.000892241,0,
0.101301,0.754795,0.369296,-0.0010085,0.000581345,0,
-0.00863459,-0.00194119,-0.0010085,0.0107916,0,0,
-0.00132512,0.000892241,0.000581345,0,0.00064216,0,
0,0,0,0,0,0,



SO THU TU: 47
Angles 1 - 6, Velocity 1 - 6, Acc 1 - 6, Moment 1 - 6, Gravity 1 - 6, Coriolis 1 - 6
1.5708,0.785398,1.5708,6.56566,1.0951e-15,0.725695,
-0.785398,0.785398,1.5708,41.2983,36.5048,-1.17646,
-0.785398,0.785398,1.5708,10.6738,8.9277,0.141212,
1.0472,0.785398,1.5708,0.00297037,-0.0216,0.0133045,
1.0472,0.785398,1.5708,0.00924948,0.0072,0.00297073,
1.0472,0.785398,1.5708,0.000249408,0,3.37053e-05,
Inertia Matrix
3.24148,0.475601,0.00355529,0,-0.00184963,0,
0.475601,2.67732,0.649252,-0.00166801,0,0,
0.00355529,0.649252,0.369296,-0.0010085,0.000581345,0,
0,-0.00166801,-0.0010085,0.0107916,0,0,
-0.00184963,0,0.000581345,0,0.00064216,0,
0,0,0,0,0,0,



SO THU TU: 48
Angles 1 - 6, Velocity 1 - 6, Acc 1 - 6, Moment 1 - 6, Gravity 1 - 6, Coriolis 1 - 6
1.5708,0.785398,1.5708,4.88542,1.18697e-15,-0.181025,
-0.785398,0.785398,1.5708,37.4817,34.0605,-1.12196,
0,0.785398,1.5708,7.95144,6.48345,0.443297,
1.0472,0.785398,1.5708,0.0193559,-0.0152735,0.00974129,
1.0472,0.785398,1.5708,-0.0101827,-0.0125452,0.00359683,
1.0472,0.785398,1.5708,0.000229821,0,-1.27468e-07,
Inertia Matrix
2.94034,0.375772,-0.0962733,0.00704962,-0.0015137,0,
0.375772,2.13825,0.379715,-0.0010085,0,0,
-0.0962733,0.379715,0.369296,-0.0010085,0.000581345,0,
0.00704962,-0.0010085,-0.0010085,0.0107916,0,0,
-0.0015137,0,0.000581345,0,0.00064216,0,
0,0,0,0,0,0,



SO THU TU: 49
Angles 1 - 6, Velocity 1 - 6, Acc 1 - 6, Moment 1 - 6, Gravity 1 - 6, Coriolis 1 - 6
1.5708,0.785398,1.5708,4.04775,9.34808e-16,-0.0185404,
-0.785398,0.785398,1.5708,30.1519,27.8184,-0.843658,
0.785398,0.785398,1.5708,1.10591,0.241279,0.341131,
1.0472,0.785398,1.5708,0.032812,-7.63614e-19,0.00113878,
1.0472,0.785398,1.5708,-0.0214569,-0.0249415,0.00299873,
1.0472,0.785398,1.5708,0.000198543,0,-2.13683e-05,
Inertia Matrix
2.38583,0.332339,-0.139706,0.0107096,0,0,
0.332339,1.58697,0.104075,0,0,0,
-0.139706,0.104075,0.369296,-0.0010085,0.000581345,0,
0.0107096,0,-0.0010085,0.0107916,0,0,
0,0,0.000581345,0,0.00064216,0,
0,0,0,0,0,0,



SO THU TU: 50
Angles 1 - 6, Velocity 1 - 6, Acc 1 - 6, Moment 1 - 6, Gravity 1 - 6, Coriolis 1 - 6
1.5708,0.785398,1.5708,4.39804,6.85053e-16,0.587633,
-0.785398,0.785398,1.5708,23.735,21.4349,-0.372096,
1.5708,0.785398,1.5708,-5.72028,-6.14223,0.0270547,
1.0472,0.785398,1.5708,0.034988,0.0152735,-0.00793211,
1.0472,0.785398,1.5708,-0.017322,-0.0227275,0.00217354,
1.0472,0.785398,1.5708,0.000173897,0,-1.75746e-05,
Inertia Matrix
2.1479,0.370744,-0.101301,0.00787306,0.00056358,0,
0.370744,1.34641,-0.0162016,0,0.000270449,0,
-0.101301,-0.0162016,0.369296,-0.0010085,0.000581345,0,
0.00787306,0,-0.0010085,0.0107916,0,0,
0.00056358,0.000270449,0.000581345,0,0.00064216,0,
0,0,0,0,0,0,



SO THU TU: 51
Angles 1 - 6, Velocity 1 - 6, Acc 1 - 6, Moment 1 - 6, Gravity 1 - 6, Coriolis 1 - 6
-1.5708,0.785398,1.5708,5.9477,-8.82144e-16,-0.714642,
0,0.785398,1.5708,52.5684,46.8836,-0.00459961,
-1.5708,0.785398,1.5708,10.6677,8.9277,-0.0306992,
1.0472,0.785398,1.5708,0.00317009,-0.0216,0.014181,
1.0472,0.785398,1.5708,0.0110643,0.0072,0.00369403,
1.0472,0.785398,1.5708,0.000249408,0,3.37053e-05,
Inertia Matrix
4.26113,-0.0201957,0.00355529,-0.00112074,-0.00200735,0,
-0.0201957,2.88841,0.754795,-0.00194119,0.000892241,0,
0.00355529,0.754795,0.369296,-0.0010085,0.000581345,0,
-0.00112074,-0.00194119,-0.0010085,0.0107916,0,0,
-0.00200735,0.000892241,0.000581345,0,0.00064216,0,
0,0,0,0,0,0,



SO THU TU: 52
Angles 1 - 6, Velocity 1 - 6, Acc 1 - 6, Moment 1 - 6, Gravity 1 - 6, Coriolis 1 - 6
-1.5708,0.785398,1.5708,4.06348,-6.75955e-16,-1.72822,
0,0.785398,1.5708,49.2387,44.4393,-0.235011,
-0.785398,0.785398,1.5708,8.34855,6.48345,0.417022,
1.0472,0.785398,1.5708,0.0185913,-0.0152735,0.0102604,
1.0472,0.785398,1.5708,-0.008529,-0.0125452,0.00465748,
1.0472,0.785398,1.5708,0.000229821,0,-1.27468e-07,
Inertia Matrix
3.89816,-0.120024,-0.0962733,0.0068919,-0.00167142,0,
-0.120024,2.67732,0.649252,-0.00166801,0,0,
-0.0962733,0.649252,0.369296,-0.0010085,0.000581345,0,
0.0068919,-0.00166801,-0.0010085,0.0107916,0,0,
-0.00167142,0,0.000581345,0,0.00064216,0,
0,0,0,0,0,0,



SO THU TU: 53
Angles 1 - 6, Velocity 1 - 6, Acc 1 - 6, Moment 1 - 6, Gravity 1 - 6, Coriolis 1 - 6
-1.5708,0.785398,1.5708,3.12635,1.0548e-16,-1.41718,
0,0.785398,1.5708,41.4235,38.1972,-0.469765,
0,0.785398,1.5708,1.67363,0.241279,0.475884,
1.0472,0.785398,1.5708,0.031661,-7.63614e-19,0.00127152,
1.0472,0.785398,1.5708,-0.0208029,-0.0249415,0.00405058,
1.0472,0.785398,1.5708,0.000198543,0,-2.13683e-05,
Inertia Matrix
3.18577,-0.163457,-0.139706,0.0105519,0,0,
-0.163457,2.13825,0.379715,-0.0010085,0,0,
-0.139706,0.379715,0.369296,-0.0010085,0.000581345,0,
0.0105519,-0.0010085,-0.0010085,0.0107916,0,0,
0,0,0.000581345,0,0.00064216,0,
0,0,0,0,0,0,



SO THU TU: 54
Angles 1 - 6, Velocity 1 - 6, Acc 1 - 6, Moment 1 - 6, Gravity 1 - 6, Coriolis 1 - 6
-1.5708,0.785398,1.5708,3.53995,6.872e-16,-0.49407,
0,0.785398,1.5708,33.8335,31.8137,-0.438852,
0.785398,0.785398,1.5708,-5.31451,-6.14223,0.243898,
1.0472,0.785398,1.5708,0.0342549,0.0152735,-0.00798833,
1.0472,0.785398,1.5708,-0.0179209,-0.0227275,0.00287561,
1.0472,0.785398,1.5708,0.000173897,0,-1.75746e-05,
Inertia Matrix
2.78637,-0.125052,-0.101301,0.00771534,0.000405861,0,
-0.125052,1.58697,0.104075,0,0,0,
-0.101301,0.104075,0.369296,-0.0010085,0.000581345,0,
0.00771534,0,-0.0010085,0.0107916,0,0,
0.000405861,0,0.000581345,0,0.00064216,0,
0,0,0,0,0,0,



SO THU TU: 55
Angles 1 - 6, Velocity 1 - 6, Acc 1 - 6, Moment 1 - 6, Gravity 1 - 6, Coriolis 1 - 6
-1.5708,0.785398,1.5708,4.12139,-2.0465e-17,-0.102844,
0,0.785398,1.5708,31.066,29.0282,-0.0091824,
1.5708,0.785398,1.5708,-8.37111,-8.9277,0.00815893,
1.0472,0.785398,1.5708,0.024442,0.0216,-0.0125063,
1.0472,0.785398,1.5708,-0.0019465,-0.0072,0.00144538,
1.0472,0.785398,1.5708,0.00017032,0,9.03131e-06,
Inertia Matrix
2.71914,-0.0273063,-0.00355529,0,0.000930375,0,
-0.0273063,1.34641,-0.0162016,0,0.000270449,0,
-0.00355529,-0.0162016,0.369296,-0.0010085,0.000581345,0,
0,0,-0.0010085,0.0107916,0,0,
0.000930375,0.000270449,0.000581345,0,0.00064216,0,
0,0,0,0,0,0,



SO THU TU: 56
Angles 1 - 6, Velocity 1 - 6, Acc 1 - 6, Moment 1 - 6, Gravity 1 - 6, Coriolis 1 - 6
-0.785398,0.785398,1.5708,5.9477,-8.82144e-16,-0.714642,
0,0.785398,1.5708,52.5684,46.8836,-0.00459961,
-1.5708,0.785398,1.5708,10.6677,8.9277,-0.0306992,
1.0472,0.785398,1.5708,0.00317009,-0.0216,0.014181,
1.0472,0.785398,1.5708,0.0110643,0.0072,0.00369403,
1.0472,0.785398,1.5708,0.000249408,0,3.37053e-05,
Inertia Matrix
4.26113,-0.0201957,0.00355529,-0.00112074,-0.00200735,0,
-0.0201957,2.88841,0.754795,-0.00194119,0.000892241,0,
0.00355529,0.754795,0.369296,-0.0010085,0.000581345,0,
-0.00112074,-0.00194119,-0.0010085,0.0107916,0,0,
-0.00200735,0.000892241,0.000581345,0,0.00064216,0,
0,0,0,0,0,0,



SO THU TU: 57
Angles 1 - 6, Velocity 1 - 6, Acc 1 - 6, Moment 1 - 6, Gravity 1 - 6, Coriolis 1 - 6
-0.785398,0.785398,1.5708,4.06348,-6.75955e-16,-1.72822,
0,0.785398,1.5708,49.2387,44.4393,-0.235011,
-0.785398,0.785398,1.5708,8.34855,6.48345,0.417022,
1.0472,0.785398,1.5708,0.0185913,-0.0152735,0.0102604,
1.0472,0.785398,1.5708,-0.008529,-0.0125452,0.00465748,
1.0472,0.785398,1.5708,0.000229821,0,-1.27468e-07,
Inertia Matrix
3.89816,-0.120024,-0.0962733,0.0068919,-0.00167142,0,
-0.120024,2.67732,0.649252,-0.00166801,0,0,
-0.0962733,0.649252,0.369296,-0.0010085,0.000581345,0,
0.0068919,-0.00166801,-0.0010085,0.0107916,0,0,
-0.00167142,0,0.000581345,0,0.00064216,0,
0,0,0,0,0,0,



SO THU TU: 58
Angles 1 - 6, Velocity 1 - 6, Acc 1 - 6, Moment 1 - 6, Gravity 1 - 6, Coriolis 1 - 6
-0.785398,0.785398,1.5708,3.12635,1.0548e-16,-1.41718,
0,0.785398,1.5708,41.4235,38.1972,-0.469765,
